{
  "accessors": [
    {
      "bufferView": 2,
      "componentType": 5126,
      "count": 30425,
      "max": [
        0.24088549613952637,
        0.9613168239593506,
        1.0229231119155884
      ],
      "min": [
        -0.4611605405807495,
        -1.051773190498352,
        -0.9346368312835693
      ],
      "type": "VEC3"
    },
    {
      "bufferView": 2,
      "byteOffset": 365100,
      "componentType": 5126,
      "count": 30425,
      "max": [
        0.9999880194664001,
        0.9995377063751221,
        0.999728262424469
      ],
      "min": [
        -0.9999985694885254,
        -0.999960720539093,
        -0.9999275803565979
      ],
      "type": "VEC3"
    },
    {
      "bufferView": 1,
      "componentType": 5126,
      "count": 30425,
      "max": [
        0.9978989958763123,
        0.9964060187339783
      ],
      "min": [
        0.007079999893903732,
        0.007199999876320362
      ],
      "type": "VEC2"
    },
    {
      "bufferView": 0,
      "componentType": 5125,
      "count": 31035,
      "type": "SCALAR"
    },
    {
      "bufferView": 2,
      "byteOffset": 730200,
      "componentType": 5126,
      "count": 11738,
      "max": [
        1.1996309757232666,
        0.05376887321472168,
        2.509572982788086
      ],
      "min": [
        -0.04198598861694336,
        -2.069528102874756,
        -0.012521028518676758
      ],
      "type": "VEC3"
    },
    {
      "bufferView": 2,
      "byteOffset": 871056,
      "componentType": 5126,
      "count": 11738,
      "max": [
        0.9996567368507385,
        0.999806821346283,
        0.9997559785842896
      ],
      "min": [
        -0.9999716877937317,
        -0.9998836517333984,
        -0.9999688863754272
      ],
      "type": "VEC3"
    },
    {
      "bufferView": 1,
      "byteOffset": 243400,
      "componentType": 5126,
      "count": 11738,
      "max": [
        0.9973520040512085,
        0.997277021408081
      ],
      "min": [
        0.007708999793976545,
        0.007247000001370907
      ],
      "type": "VEC2"
    },
    {
      "bufferView": 0,
      "byteOffset": 124140,
      "componentType": 5125,
      "count": 11874,
      "type": "SCALAR"
    },
    {
      "bufferView": 2,
      "byteOffset": 1011912,
      "componentType": 5126,
      "count": 11778,
      "max": [
        0.1514829695224762,
        0.026680469512939453,
        0.6121124625205994
      ],
      "min": [
        -0.3899420201778412,
        -2.963475465774536,
        -0.6031194925308228
      ],
      "type": "VEC3"
    },
    {
      "bufferView": 2,
      "byteOffset": 1153248,
      "componentType": 5126,
      "count": 11778,
      "max": [
        0.9996276497840881,
        0.999979555606842,
        0.9996164441108704
      ],
      "min": [
        -0.9997417330741882,
        -0.9999002814292908,
        -0.999911904335022
      ],
      "type": "VEC3"
    },
    {
      "bufferView": 1,
      "byteOffset": 337304,
      "componentType": 5126,
      "count": 11778,
      "max": [
        0.9975209832191467,
        0.9944599866867065
      ],
      "min": [
        0.007555000018328428,
        0.007275000214576721
      ],
      "type": "VEC2"
    },
    {
      "bufferView": 0,
      "byteOffset": 171636,
      "componentType": 5125,
      "count": 11922,
      "type": "SCALAR"
    },
    {
      "bufferView": 2,
      "byteOffset": 1294584,
      "componentType": 5126,
      "count": 35022,
      "max": [
        0.5993595123291016,
        0.7728910446166992,
        1.3262027502059937
      ],
      "min": [
        -0.5459215044975281,
        -0.8090589046478271,
        -0.9346771836280823
      ],
      "type": "VEC3"
    },
    {
      "bufferView": 2,
      "byteOffset": 1714848,
      "componentType": 5126,
      "count": 35022,
      "max": [
        0.9998178482055664,
        0.999579131603241,
        0.999890148639679
      ],
      "min": [
        -0.9999502301216125,
        -0.9998350143432617,
        -0.999969482421875
      ],
      "type": "VEC3"
    },
    {
      "bufferView": 1,
      "byteOffset": 431528,
      "componentType": 5126,
      "count": 35022,
      "max": [
        0.9983900189399719,
        0.9968219995498657
      ],
      "min": [
        0.0038399999029934406,
        0.005338000133633614
      ],
      "type": "VEC2"
    },
    {
      "bufferView": 0,
      "byteOffset": 219324,
      "componentType": 5125,
      "count": 35706,
      "type": "SCALAR"
    },
    {
      "bufferView": 2,
      "byteOffset": 2135112,
      "componentType": 5126,
      "count": 27886,
      "max": [
        0.19704850018024445,
        0.48313260078430176,
        0.05868798494338989
      ],
      "min": [
        -3.108426570892334,
        -0.5642993450164795,
        -5.945926666259766
      ],
      "type": "VEC3"
    },
    {
      "bufferView": 2,
      "byteOffset": 2469744,
      "componentType": 5126,
      "count": 27886,
      "max": [
        0.9997779726982117,
        0.9999123811721802,
        0.9994605779647827
      ],
      "min": [
        -0.999968409538269,
        -0.9999247789382935,
        -0.9993327260017395
      ],
      "type": "VEC3"
    },
    {
      "bufferView": 1,
      "byteOffset": 711704,
      "componentType": 5126,
      "count": 27886,
      "max": [
        0.9971609711647034,
        0.9966809749603271
      ],
      "min": [
        0.001998000079765916,
        0.0022319999989122152
      ],
      "type": "VEC2"
    },
    {
      "bufferView": 0,
      "byteOffset": 362148,
      "componentType": 5125,
      "count": 51744,
      "type": "SCALAR"
    },
    {
      "bufferView": 2,
      "byteOffset": 2804376,
      "componentType": 5126,
      "count": 35099,
      "max": [
        0.8533689379692078,
        0.48803234100341797,
        1.3737614154815674
      ],
      "min": [
        -0.3095690906047821,
        -1.724556803703308,
        -0.1804516315460205
      ],
      "type": "VEC3"
    },
    {
      "bufferView": 2,
      "byteOffset": 3225564,
      "componentType": 5126,
      "count": 35099,
      "max": [
        0.9999454617500305,
        0.9998567700386047,
        0.9998805522918701
      ],
      "min": [
        -0.9999855756759644,
        -0.9999304413795471,
        -0.999952495098114
      ],
      "type": "VEC3"
    },
    {
      "bufferView": 1,
      "byteOffset": 934792,
      "componentType": 5126,
      "count": 35099,
      "max": [
        0.9987229704856873,
        0.9989389777183533
      ],
      "min": [
        0.0048500001430511475,
        0.003920999821275473
      ],
      "type": "VEC2"
    },
    {
      "bufferView": 0,
      "byteOffset": 569124,
      "componentType": 5125,
      "count": 35553,
      "type": "SCALAR"
    },
    {
      "bufferView": 2,
      "byteOffset": 3646752,
      "componentType": 5126,
      "count": 996,
      "max": [
        0.07045140862464905,
        0.029869794845581055,
        0.18440747261047363
      ],
      "min": [
        -0.2731255888938904,
        -0.4745582342147827,
        -0.1168595552444458
      ],
      "type": "VEC3"
    },
    {
      "bufferView": 2,
      "byteOffset": 3658704,
      "componentType": 5126,
      "count": 996,
      "max": [
        0.9999485611915588,
        0.9977445006370544,
        0.9984476566314697
      ],
      "min": [
        -0.9974715113639832,
        -0.9995126128196716,
        -0.9962691068649292
      ],
      "type": "VEC3"
    },
    {
      "bufferView": 1,
      "byteOffset": 1215584,
      "componentType": 5126,
      "count": 996,
      "max": [
        0.9829059839248657,
        0.9931899905204773
      ],
      "min": [
        0.02501000091433525,
        0.038043998181819916
      ],
      "type": "VEC2"
    },
    {
      "bufferView": 0,
      "byteOffset": 711336,
      "componentType": 5125,
      "count": 1002,
      "type": "SCALAR"
    },
    {
      "bufferView": 2,
      "byteOffset": 3670656,
      "componentType": 5126,
      "count": 645,
      "max": [
        0.013576358556747437,
        0.035852909088134766,
        0.02676403522491455
      ],
      "min": [
        -0.28630566596984863,
        -0.4876680374145508,
        -0.2720329165458679
      ],
      "type": "VEC3"
    },
    {
      "bufferView": 2,
      "byteOffset": 3678396,
      "componentType": 5126,
      "count": 645,
      "max": [
        0.9960772395133972,
        0.9902465343475342,
        0.9790022373199463
      ],
      "min": [
        -0.9994975924491882,
        -0.9995782375335693,
        -0.9941901564598083
      ],
      "type": "VEC3"
    },
    {
      "bufferView": 1,
      "byteOffset": 1223552,
      "componentType": 5126,
      "count": 645,
      "max": [
        0.9831249713897705,
        0.9896609783172607
      ],
      "min": [
        0.028815999627113342,
        0.00443200021982193
      ],
      "type": "VEC2"
    },
    {
      "bufferView": 0,
      "byteOffset": 715344,
      "componentType": 5125,
      "count": 651,
      "type": "SCALAR"
    },
    {
      "bufferView": 2,
      "byteOffset": 3686136,
      "componentType": 5126,
      "count": 5978,
      "max": [
        0.4265494644641876,
        0.35729217529296875,
        0.18136107921600342
      ],
      "min": [
        -0.3956095576286316,
        -0.18541669845581055,
        -1.214797854423523
      ],
      "type": "VEC3"
    },
    {
      "bufferView": 2,
      "byteOffset": 3757872,
      "componentType": 5126,
      "count": 5978,
      "max": [
        0.9998643398284912,
        0.9999696612358093,
        0.9983994960784912
      ],
      "min": [
        -0.9997002482414246,
        -0.9995225071907043,
        -0.9993714094161987
      ],
      "type": "VEC3"
    },
    {
      "bufferView": 1,
      "byteOffset": 1228712,
      "componentType": 5126,
      "count": 5978,
      "max": [
        0.9977620244026184,
        0.9925619959831238
      ],
      "min": [
        0.004964999854564667,
        0.003788999980315566
      ],
      "type": "VEC2"
    },
    {
      "bufferView": 0,
      "byteOffset": 717948,
      "componentType": 5125,
      "count": 6018,
      "type": "SCALAR"
    },
    {
      "bufferView": 2,
      "byteOffset": 3829608,
      "componentType": 5126,
      "count": 2549,
      "max": [
        0.5729644298553467,
        1.1174142360687256,
        0.508039116859436
      ],
      "min": [
        -0.699426531791687,
        0.1488492488861084,
        -0.226473867893219
      ],
      "type": "VEC3"
    },
    {
      "bufferView": 2,
      "byteOffset": 3860196,
      "componentType": 5126,
      "count": 2549,
      "max": [
        0.995089590549469,
        0.9842503070831299,
        0.9962257146835327
      ],
      "min": [
        -0.9928190112113953,
        -0.9817062020301819,
        -0.9971916079521179
      ],
      "type": "VEC3"
    },
    {
      "bufferView": 1,
      "byteOffset": 1276536,
      "componentType": 5126,
      "count": 2549,
      "max": [
        0.9882069826126099,
        0.9931250214576721
      ],
      "min": [
        0.005096999928355217,
        0.008309000171720982
      ],
      "type": "VEC2"
    },
    {
      "bufferView": 0,
      "byteOffset": 742020,
      "componentType": 5125,
      "count": 2601,
      "type": "SCALAR"
    }
  ],
  "asset": {
    "extras": {
      "author": "loganalt (https://sketchfab.com/loganalt)",
      "license": "CC-BY-4.0 (http://creativecommons.org/licenses/by/4.0/)",
      "source": "https://sketchfab.com/3d-models/winged-t-rex-skeleton-8ae61ee371744367b69f98320af348c1",
      "title": "Winged T-rex Skeleton"
    },
    "generator": "Sketchfab-12.97.0",
    "version": "2.0"
  },
  "bufferViews": [
    {
      "buffer": 0,
      "byteLength": 752424,
      "name": "floatBufferViews",
      "target": 34963
    },
    {
      "buffer": 0,
      "byteLength": 1296928,
      "byteOffset": 752424,
      "byteStride": 8,
      "name": "floatBufferViews",
      "target": 34962
    },
    {
      "buffer": 0,
      "byteLength": 3890784,
      "byteOffset": 2049352,
      "byteStride": 12,
      "name": "floatBufferViews",
      "target": 34962
    }
  ],
  "buffers": [
    {
      "byteLength": 5940136,
      "uri": "scene.bin"
    }
  ],
  "materials": [
    {
      "doubleSided": true,
      "name": "defaultMat",
      "pbrMetallicRoughness": {
        "baseColorFactor": [
          0.8,
          0.8,
          0.8,
          1.0
        ],
        "metallicFactor": 0.0,
        "roughnessFactor": 0.5
      }
    },
    {
      "doubleSided": true,
      "name": "defaultMat.001",
      "pbrMetallicRoughness": {
        "baseColorFactor": [
          0.8,
          0.8,
          0.8,
          1.0
        ],
        "metallicFactor": 0.0,
        "roughnessFactor": 0.5
      }
    },
    {
      "doubleSided": true,
      "name": "defaultMat.003",
      "pbrMetallicRoughness": {
        "baseColorFactor": [
          0.8,
          0.8,
          0.8,
          1.0
        ],
        "metallicFactor": 0.0,
        "roughnessFactor": 0.5
      }
    },
    {
      "doubleSided": true,
      "name": "defaultMat.004",
      "pbrMetallicRoughness": {
        "baseColorFactor": [
          0.8,
          0.8,
          0.8,
          1.0
        ],
        "metallicFactor": 0.0,
        "roughnessFactor": 0.5
      }
    }
  ],
  "meshes": [
    {
      "name": "Object_0",
      "primitives": [
        {
          "attributes": {
            "NORMAL": 1,
            "POSITION": 0,
            "TEXCOORD_0": 2
          },
          "indices": 3,
          "material": 0,
          "mode": 4
        }
      ]
    },
    {
      "name": "Object_1",
      "primitives": [
        {
          "attributes": {
            "NORMAL": 5,
            "POSITION": 4,
            "TEXCOORD_0": 6
          },
          "indices": 7,
          "material": 0,
          "mode": 4
        }
      ]
    },
    {
      "name": "Object_2",
      "primitives": [
        {
          "attributes": {
            "NORMAL": 9,
            "POSITION": 8,
            "TEXCOORD_0": 10
          },
          "indices": 11,
          "material": 0,
          "mode": 4
        }
      ]
    },
    {
      "name": "Object_3",
      "primitives": [
        {
          "attributes": {
            "NORMAL": 13,
            "POSITION": 12,
            "TEXCOORD_0": 14
          },
          "indices": 15,
          "material": 1,
          "mode": 4
        }
      ]
    },
    {
      "name": "Object_4",
      "primitives": [
        {
          "attributes": {
            "NORMAL": 17,
            "POSITION": 16,
            "TEXCOORD_0": 18
          },
          "indices": 19,
          "material": 2,
          "mode": 4
        }
      ]
    },
    {
      "name": "Object_5",
      "primitives": [
        {
          "attributes": {
            "NORMAL": 21,
            "POSITION": 20,
            "TEXCOORD_0": 22
          },
          "indices": 23,
          "material": 3,
          "mode": 4
        }
      ]
    },
    {
      "name": "Object_6",
      "primitives": [
        {
          "attributes": {
            "NORMAL": 25,
            "POSITION": 24,
            "TEXCOORD_0": 26
          },
          "indices": 27,
          "material": 3,
          "mode": 4
        }
      ]
    },
    {
      "name": "Object_7",
      "primitives": [
        {
          "attributes": {
            "NORMAL": 29,
            "POSITION": 28,
            "TEXCOORD_0": 30
          },
          "indices": 31,
          "material": 3,
          "mode": 4
        }
      ]
    },
    {
      "name": "Object_8",
      "primitives": [
        {
          "attributes": {
            "NORMAL": 33,
            "POSITION": 32,
            "TEXCOORD_0": 34
          },
          "indices": 35,
          "material": 3,
          "mode": 4
        }
      ]
    },
    {
      "name": "Object_9",
      "primitives": [
        {
          "attributes": {
            "NORMAL": 37,
            "POSITION": 36,
            "TEXCOORD_0": 38
          },
          "indices": 39,
          "material": 3,
          "mode": 4
        }
      ]
    }
  ],
  "nodes": [
    {
      "children": [
        1
      ],
      "matrix": [
        1.0,
        0.0,
        0.0,
        0.0,
        0.0,
        2.220446049250313e-16,
        -1.0,
        0.0,
        0.0,
        1.0,
        2.220446049250313e-16,
        0.0,
        0.0,
        0.0,
        0.0,
        1.0
      ],
      "name": "Sketchfab_model"
    },
    {
      "children": [
        2
      ],
      "name": "root"
    },
    {
      "children": [
        3,
        5,
        7,
        9,
        11,
        13,
        15,
        17,
        19,
        21
      ],
      "matrix": [
        1.0,
        0.0,
        0.0,
        0.0,
        0.0,
        2.220446049250313e-16,
        1.0,
        0.0,
        0.0,
        -1.0,
        2.220446049250313e-16,
        0.0,
        0.0,
        0.0,
        0.0,
        1.0
      ],
      "name": "GLTF_SceneRootNode"
    },
    {
      "children": [
        4
      ],
      "matrix": [
        -0.9346339508335928,
        -0.2020858538120473,
        -0.2926101256591191,
        0.0,
        -0.25738171042266095,
        0.9522076006596341,
        0.16448507648394217,
        0.0,
        0.24538547856198648,
        0.22904583151648633,
        -0.9419787545246583,
        0.0,
        -0.26754099130630493,
        2.302954912185669,
        0.8512208461761475,
        1.0
      ],
      "name": "TRex_30M_part03_1"
    },
    {
      "mesh": 0,
      "name": "Object_4"
    },
    {
      "children": [
        6
      ],
      "matrix": [
        -0.9645384119763021,
        -0.06855370902690684,
        -0.25488436750983284,
        0.0,
        0.030432824373106678,
        0.9303557364442572,
        -0.3653930033073151,
        0.0,
        0.26218217907193647,
        -0.36019243834916653,
        -0.8952775616160458,
        0.0,
        -0.3577074408531189,
        2.6326732635498047,
        0.8462618589401245,
        1.0
      ],
      "name": "TRex_30M_part03.001_2"
    },
    {
      "mesh": 1,
      "name": "Object_6"
    },
    {
      "children": [
        8
      ],
      "matrix": [
        -0.9538507201898518,
        -0.11880860922333562,
        -0.2757776603855322,
        0.0,
        -0.16873957358993494,
        0.9717542980091907,
        0.16498648612947672,
        0.0,
        0.24838631181687154,
        0.20390708343527894,
        -0.9469562510628091,
        0.0,
        -0.06495964527130127,
        2.7052087783813477,
        1.002349853515625,
        1.0
      ],
      "name": "TRex_30M_part03.002_3"
    },
    {
      "mesh": 2,
      "name": "Object_8"
    },
    {
      "children": [
        10
      ],
      "matrix": [
        -0.9442363574147383,
        -0.17216168555054553,
        -0.2806742869671928,
        0.0,
        -0.25255243469598637,
        0.9256171651555563,
        0.28186899669619814,
        0.0,
        0.2112698962589715,
        0.3370359292386894,
        -0.9174812332341937,
        0.0,
        0.12424802780151367,
        2.8438472747802734,
        -0.5506420135498047,
        1.0
      ],
      "name": "TRex_30M_part01_4"
    },
    {
      "mesh": 3,
      "name": "Object_10"
    },
    {
      "children": [
        12
      ],
      "matrix": [
        -0.9599005831575502,
        -0.16814027505421664,
        -0.22432057052015333,
        0.0,
        -0.19176064634881962,
        0.977498972091991,
        0.08788409452787202,
        0.0,
        0.2044962712757317,
        0.12737585117985822,
        -0.970544521168673,
        0.0,
        -0.04739135503768921,
        2.42122220993042,
        0.33703088760375977,
        1.0
      ],
      "name": "TRex_30M_part02_5"
    },
    {
      "mesh": 4,
      "name": "Object_12"
    },
    {
      "children": [
        14
      ],
      "matrix": [
        -0.8825136411472048,
        -0.047077203650836286,
        -0.4679245773471624,
        0.0,
        -0.3276553282832747,
        0.7752953397499832,
        0.5399621486822365,
        0.0,
        0.33735983613447884,
        0.6298419429177259,
        -0.6996338098640902,
        0.0,
        0.3655833601951599,
        3.0528957843780518,
        -1.6680688858032227,
        1.0
      ],
      "name": "TRex_30M_part04_6"
    },
    {
      "mesh": 5,
      "name": "Object_14"
    },
    {
      "children": [
        16
      ],
      "matrix": [
        -0.7659777492298541,
        0.13508142028815218,
        -0.6285149939163759,
        0.0,
        0.549412235521582,
        0.6452008509029061,
        -0.5309068255855669,
        0.0,
        0.3338027608393079,
        -0.751976643179229,
        -0.5684248806737386,
        0.0,
        -0.0648542046546936,
        2.7238619327545166,
        -1.7145469188690186,
        1.0
      ],
      "name": "TRex_30M_part04.001_7"
    },
    {
      "mesh": 6,
      "name": "Object_16"
    },
    {
      "children": [
        18
      ],
      "matrix": [
        -0.7034861962544783,
        -0.4734580938392219,
        0.530042078572576,
        0.0,
        -0.6380346405926272,
        0.09218936639746111,
        -0.764469043275836,
        0.0,
        0.31307981264087176,
        -0.8759786265094404,
        -0.3669366114404389,
        0.0,
        0.7384819388389587,
        2.7792258262634277,
        -1.4112374782562256,
        1.0
      ],
      "name": "TRex_30M_part04.002_8"
    },
    {
      "mesh": 7,
      "name": "Object_18"
    },
    {
      "children": [
        20
      ],
      "matrix": [
        -0.8964321267829178,
        -0.28589803710985734,
        -0.3386321816487394,
        0.0,
        -0.38681337649141295,
        0.8776624122798102,
        0.28299134587208985,
        0.0,
        0.21629806711750033,
        0.38466999161348026,
        -0.8973539679041476,
        0.0,
        0.5010095834732056,
        2.3230538368225098,
        -1.4295353889465332,
        1.0
      ],
      "name": "TRex_30M_part04.003_9"
    },
    {
      "mesh": 8,
      "name": "Object_20"
    },
    {
      "children": [
        22
      ],
      "matrix": [
        -0.8825136918726864,
        -0.3725242380612079,
        -0.2870457728554072,
        0.0,
        -0.3276552559905986,
        0.9248871171403458,
        -0.1929400263541904,
        0.0,
        0.33735977365266423,
        -0.07622015878189228,
        -0.9382850688976601,
        0.0,
        0.5109714269638062,
        2.2908623218536377,
        -1.212557077407837,
        1.0
      ],
      "name": "TRex_30M_part04.004_10"
    },
    {
      "mesh": 9,
      "name": "Object_22"
    }
  ],
  "scene": 0,
  "scenes": [
    {
      "name": "Sketchfab_Scene",
      "nodes": [
        0
      ]
    }
  ]
}
